0 0.462539 0.453681 0.042422 0.029306
0 0.990824 0.642319 0.018023 0.057972
0 0.338211 0.525931 0.062266 0.090028
0 0.438078 0.582187 0.048578 0.062819
0 0.344086 0.418625 0.022422 0.025972
0 0.623305 0.679708 0.078016 0.101861
0 0.292566 0.503799 0.040148 0.049764
0 0.552844 0.472118 0.052297 0.055625
0 0.262273 0.898542 0.121719 0.191667
0 0.778332 0.642958 0.087617 0.117111
0 0.842543 0.615944 0.072773 0.069472
0 0.616543 0.497646 0.051570 0.059653
0 0.285625 0.625569 0.053938 0.103528
0 0.736105 0.518403 0.052773 0.050639
0 0.700043 0.537701 0.057023 0.058625
0 0.476270 0.632667 0.059898 0.081889
0 0.237289 0.441403 0.035828 0.028083
0 0.269570 0.436312 0.035828 0.028097
0 0.275422 0.462569 0.037750 0.033194
0 0.192270 0.450076 0.026133 0.029681
0 0.231094 0.469097 0.028906 0.033194
0 0.323172 0.444139 0.042422 0.042444
0 0.370820 0.438819 0.022422 0.025972
0 0.401305 0.448167 0.042422 0.029306
0 0.514949 0.433750 0.043336 0.034444
0 0.378742 0.516111 0.055328 0.054722
0 0.463660 0.510708 0.059898 0.081889
0 0.544762 0.582806 0.059898 0.081889
0 0.661402 0.466451 0.043430 0.034569
0 0.228320 0.406778 0.022422 0.025972
0 0.255953 0.400417 0.022422 0.025972
0 0.267625 0.416090 0.022422 0.025986
0 0.298820 0.403389 0.024828 0.025972
