0 0.173184 0.396549 0.016508 0.017347
0 0.345445 0.400958 0.032453 0.022778
0 0.294461 0.417889 0.027641 0.019111
0 0.628617 0.510549 0.052250 0.047597
0 0.703902 0.503556 0.056852 0.056694
0 0.920125 0.651618 0.100234 0.102764
0 0.766156 0.642278 0.077375 0.085111
0 0.498109 0.628722 0.066484 0.102194
0 0.597602 0.826569 0.094047 0.139778
0 0.540910 0.455806 0.044727 0.050056
0 0.189172 0.393118 0.016500 0.017347
0 0.219891 0.404646 0.016500 0.017347
0 0.197469 0.450861 0.025375 0.025889
0 0.249984 0.446347 0.032219 0.034917
0 0.255715 0.483479 0.036852 0.035014
0 0.374406 0.523368 0.045406 0.047847
0 0.532070 0.578771 0.050547 0.056986
0 0.887258 0.942000 0.173625 0.116000
0 0.331734 0.481986 0.034344 0.036472
0 0.344512 0.422083 0.032461 0.022778
0 0.418750 0.428299 0.039375 0.041319
0 0.381898 0.478590 0.042453 0.040236
0 0.237129 0.401708 0.016211 0.013417
0 0.261523 0.414181 0.023922 0.022778
0 0.650879 0.573160 0.051320 0.038792
0 0.467348 0.438743 0.040352 0.050375
0 0.308668 0.521285 0.039961 0.057486
0 0.544996 0.502125 0.044727 0.050056
0 0.657918 0.699174 0.088586 0.113542
0 0.401004 0.677424 0.060992 0.114903
0 0.443539 0.502944 0.049437 0.066778
0 0.369398 0.587653 0.046719 0.076750
0 0.390766 0.585007 0.090297 0.082125
0 0.693453 0.502632 0.035781 0.050653
0 0.661719 0.967632 0.094047 0.064736
