0 0.510828 0.572250 0.054641 0.063167
0 0.293238 0.778486 0.072430 0.150000
0 0.737738 0.492535 0.051555 0.051847
0 0.748547 0.577972 0.070609 0.064361
0 0.544289 0.733528 0.073797 0.110306
0 0.301063 0.596229 0.042797 0.074347
0 0.897281 0.460250 0.070922 0.064389
0 0.328020 0.541375 0.038570 0.062972
0 0.292254 0.506646 0.039008 0.062097
0 0.251699 0.551090 0.041086 0.049458
0 0.913605 0.577306 0.082945 0.086500
0 0.322051 0.417250 0.041477 0.034167
0 0.333816 0.486021 0.042555 0.046042
0 0.736520 0.796951 0.116789 0.160847
0 0.420367 0.568764 0.054641 0.063167
0 0.432547 0.509722 0.054641 0.063167
0 0.373520 0.474285 0.038430 0.033014
0 0.402559 0.415222 0.038430 0.033028
0 0.263676 0.485868 0.038430 0.033014
0 0.260621 0.454049 0.038430 0.033014
0 0.289320 0.438465 0.041141 0.034153
0 0.261328 0.410104 0.029219 0.031597
0 0.212891 0.404083 0.017188 0.013472
0 0.196523 0.389701 0.017188 0.025042
