0 0.489137 0.436076 0.032664 0.027431
0 0.850840 0.694007 0.089523 0.083181
0 0.340656 0.542938 0.051359 0.061986
0 0.284801 0.690958 0.060633 0.132806
0 0.409402 0.675194 0.059086 0.113833
0 0.422031 0.541507 0.054062 0.056625
0 0.491637 0.551354 0.042930 0.056653
0 0.236336 0.521757 0.042938 0.056653
0 0.262609 0.483813 0.034859 0.052097
0 0.228652 0.451937 0.034852 0.052097
0 0.443824 0.462549 0.039242 0.038847
0 0.521508 0.653722 0.071312 0.110250
0 0.676164 0.962431 0.116266 0.075139
0 0.310445 0.403132 0.029781 0.018764
0 0.268187 0.396299 0.029781 0.018764
0 0.242980 0.412646 0.034086 0.019458
0 0.212262 0.403882 0.021242 0.018764
0 0.225898 0.384910 0.023828 0.018764
0 0.176367 0.394785 0.020391 0.018764
0 0.313867 0.426465 0.029781 0.018764
0 0.366016 0.424792 0.040141 0.047306
0 0.246949 0.907264 0.098727 0.153556
0 0.877773 0.645674 0.082687 0.071264
0 0.576258 0.483083 0.050875 0.052889
0 0.774734 0.870417 0.118641 0.148306
0 0.456187 0.604014 0.051344 0.077194
0 0.715336 0.513646 0.055375 0.059792
0 0.700340 0.598917 0.066695 0.071306
0 0.267227 0.587076 0.047422 0.076542
