0 0.482926 0.471910 0.041492 0.029542
0 0.575605 0.480167 0.052039 0.051056
0 0.613719 0.476444 0.036594 0.034639
0 0.482750 0.459958 0.040453 0.051111
0 0.774059 0.427090 0.050930 0.043903
0 0.184441 0.388257 0.024133 0.023792
0 0.212105 0.400979 0.026102 0.023792
0 0.248965 0.397507 0.027383 0.023792
0 0.404984 0.434535 0.032375 0.028514
0 0.372578 0.439285 0.036094 0.028569
0 0.265473 0.479049 0.038742 0.053653
0 0.345348 0.489188 0.044445 0.055597
0 0.719273 0.602576 0.064609 0.080347
0 0.304172 0.411201 0.024125 0.023792
0 0.431039 0.933889 0.135266 0.132222
0 0.811875 0.930208 0.157812 0.139583
0 0.452273 0.521090 0.048109 0.065792
0 0.259500 0.553479 0.042406 0.058347
0 0.528711 0.726479 0.068359 0.103097
0 0.850078 0.562396 0.061766 0.079153
0 0.785410 0.561993 0.099039 0.095264
0 0.276934 0.604681 0.046836 0.076667
0 0.456922 0.587201 0.055906 0.070347
0 0.591023 0.523118 0.037328 0.045514
0 0.386320 0.626479 0.060344 0.094069
