0 0.674449 0.965986 0.097648 0.068028
0 0.811191 0.676153 0.085023 0.082917
0 0.682719 0.721694 0.086203 0.128083
0 0.522504 0.693181 0.066523 0.116250
0 0.676910 0.580743 0.062211 0.066819
0 0.929129 0.608486 0.083602 0.075306
0 0.397578 0.657521 0.069687 0.137236
0 0.596523 0.529813 0.038641 0.048931
0 0.610254 0.474090 0.050336 0.051625
0 0.447281 0.573403 0.053781 0.065833
0 0.979398 0.580125 0.041125 0.071694
0 0.936516 0.692208 0.085641 0.076556
0 0.282738 0.782111 0.078508 0.169556
0 0.840418 0.959729 0.047195 0.068264
0 0.663152 0.476292 0.043758 0.030861
0 0.545672 0.576424 0.061344 0.084792
0 0.288187 0.630806 0.053781 0.065833
0 0.275332 0.585562 0.042930 0.056653
0 0.331621 0.543424 0.042930 0.056653
0 0.236148 0.523194 0.042937 0.056639
0 0.339781 0.498917 0.038406 0.038389
0 0.344023 0.467556 0.036641 0.026222
0 0.502422 0.485396 0.049688 0.034125
0 0.445727 0.466778 0.036641 0.035222
0 0.534520 0.432875 0.037945 0.034139
0 0.471957 0.423278 0.042977 0.034139
0 0.392344 0.445611 0.031875 0.026833
0 0.380977 0.425979 0.031875 0.026847
0 0.374383 0.408410 0.031875 0.026847
0 0.315199 0.414757 0.028820 0.026847
0 0.260437 0.412806 0.031875 0.026833
0 0.204426 0.476042 0.031867 0.046806
0 0.239828 0.466736 0.034656 0.031250
0 0.262496 0.447736 0.039836 0.030194
0 0.214586 0.440139 0.031875 0.026833
0 0.235180 0.399132 0.031875 0.026847
0 0.189180 0.397917 0.018359 0.014722
0 0.170648 0.394972 0.020359 0.018556
