0 0.560852 0.510090 0.048672 0.048569
0 0.435980 0.438736 0.034914 0.031083
0 0.428621 0.503007 0.043070 0.053403
0 0.366980 0.509903 0.043070 0.053417
0 0.455949 0.958542 0.116695 0.082917
0 0.347457 0.434437 0.035711 0.025264
0 0.193418 0.433125 0.028633 0.029306
0 0.222051 0.426576 0.035711 0.025264
0 0.220195 0.403521 0.027422 0.025264
0 0.227059 0.470313 0.069102 0.060264
0 0.357684 0.416681 0.023898 0.017806
0 0.866848 0.720812 0.096039 0.097514
0 0.620637 0.550562 0.052273 0.055542
0 0.267316 0.539250 0.040164 0.069194
0 0.502387 0.554028 0.049195 0.056472
0 0.240484 0.466326 0.041906 0.049708
0 0.659371 0.514181 0.059820 0.047861
0 0.396125 0.691528 0.059344 0.093444
0 0.745027 0.559569 0.055695 0.054778
0 0.779273 0.545604 0.044672 0.039958
0 0.697781 0.591556 0.142875 0.134139
0 0.289469 0.501903 0.037484 0.041806
