0 0.176695 0.392965 0.020359 0.012597
0 0.974270 0.724757 0.051461 0.105486
0 0.342871 0.543014 0.040086 0.067778
0 0.279227 0.579271 0.102594 0.212708
0 0.353422 0.465382 0.048797 0.066292
0 0.440617 0.581764 0.052109 0.067083
0 0.447813 0.457743 0.046500 0.048264
0 0.839027 0.618604 0.091758 0.080875
0 0.626020 0.499549 0.052102 0.053181
0 0.499820 0.556868 0.065250 0.073042
0 0.532348 0.674667 0.070008 0.105194
0 0.836559 0.553528 0.075477 0.061500
0 0.325914 0.419674 0.035828 0.026847
0 0.284922 0.403757 0.035828 0.026847
0 0.430949 0.420069 0.035836 0.026833
0 0.491508 0.462472 0.038531 0.040222
0 0.722699 0.548438 0.064523 0.070153
0 0.595125 0.528715 0.048922 0.060597
0 0.363551 0.434757 0.037742 0.035625
0 0.383023 0.426840 0.022234 0.018292
0 0.246914 0.517778 0.042734 0.073333
0 0.514969 0.435875 0.044437 0.037583
0 0.254801 0.456882 0.030086 0.031542
0 0.244805 0.431806 0.038516 0.030444
0 0.205516 0.398653 0.036000 0.026833
