0 0.497332 0.481389 0.042758 0.038750
0 0.237227 0.407424 0.028047 0.022292
0 0.266250 0.406687 0.025156 0.022292
0 0.317926 0.403764 0.026805 0.022306
0 0.274582 0.490076 0.039320 0.040431
0 0.239184 0.534340 0.034852 0.055069
0 0.307113 0.467986 0.041867 0.039306
0 0.427020 0.433403 0.042758 0.038750
0 0.396723 0.448708 0.038289 0.028528
0 0.593730 0.466111 0.037773 0.041667
0 0.479887 0.608986 0.057570 0.093806
0 0.376246 0.613764 0.054383 0.095583
0 0.554797 0.466111 0.050719 0.045556
0 0.326355 0.423646 0.034852 0.022292
0 0.270660 0.833486 0.080508 0.161889
0 0.194102 0.396813 0.016328 0.022292
0 0.635223 0.557438 0.058961 0.051931
0 0.772852 0.652861 0.078312 0.090583
0 0.814422 0.519597 0.059906 0.057917
0 0.768801 0.568944 0.067367 0.067306
0 0.608117 0.889674 0.110719 0.182292
0 0.275813 0.707993 0.062688 0.101264
0 0.686523 0.742688 0.090188 0.116347
0 0.462691 0.949444 0.114289 0.095083
0 0.762918 0.409319 0.037430 0.050444
0 0.965617 0.707667 0.064375 0.065278
