0 0.388988 0.428264 0.031555 0.030417
0 0.362938 0.413438 0.031547 0.030403
0 0.283719 0.402674 0.031547 0.030403
0 0.248699 0.401403 0.031555 0.030417
0 0.215590 0.393778 0.031555 0.030417
0 0.344152 0.434688 0.031555 0.030403
0 0.303168 0.419507 0.031555 0.030403
0 0.513469 0.422861 0.121687 0.090111
0 0.651164 0.442799 0.121687 0.080431
0 0.955594 0.604542 0.060469 0.071000
0 0.258871 0.546056 0.041852 0.098833
0 0.565293 0.478840 0.051898 0.052153
0 0.682031 0.497563 0.052500 0.052875
0 0.800590 0.506889 0.063258 0.047667
0 0.567648 0.498556 0.055547 0.091250
0 0.778430 0.655236 0.084578 0.071583
0 0.301055 0.650069 0.051656 0.093056
0 0.424316 0.566549 0.052336 0.080403
0 0.709703 0.551840 0.060687 0.062014
0 0.821996 0.559021 0.068773 0.055764
0 0.332496 0.536215 0.043039 0.062375
0 0.624902 0.867785 0.128164 0.168875
0 0.463738 0.977007 0.128164 0.045986
0 0.256926 0.947514 0.096148 0.104972
0 0.375316 0.500715 0.043039 0.062375
0 0.320453 0.473021 0.030656 0.041875
0 0.275621 0.488972 0.039211 0.044889
