0 0.507133 0.464465 0.040359 0.037986
0 0.423809 0.421687 0.037070 0.034153
0 0.668086 0.521965 0.043828 0.044931
0 0.340457 0.421069 0.031586 0.039028
0 0.382117 0.624201 0.050766 0.077236
0 0.239656 0.521167 0.040266 0.063167
0 0.307414 0.529340 0.047016 0.072653
0 0.639145 0.561507 0.038602 0.050625
0 0.985582 0.636264 0.028383 0.087583
0 0.187773 0.396986 0.027578 0.026028
0 0.251602 0.403694 0.029609 0.027639
0 0.345516 0.491736 0.040266 0.050417
0 0.294250 0.465347 0.040266 0.050417
0 0.830715 0.612056 0.071617 0.062139
0 0.853082 0.942514 0.107055 0.108250
0 0.173445 0.413347 0.027672 0.028806
0 0.567258 0.445576 0.041422 0.036431
0 0.561535 0.486215 0.044273 0.044931
0 0.189316 0.441625 0.025430 0.028806
0 0.181508 0.472778 0.034844 0.043333
0 0.430703 0.899792 0.094219 0.200417
0 0.599668 0.642917 0.085648 0.093333
0 0.230312 0.397090 0.025625 0.020264
0 0.273965 0.839493 0.085648 0.135764
0 0.874926 0.697778 0.079148 0.081972
