0 0.323359 0.524465 0.047531 0.073653
0 0.559059 0.775174 0.082117 0.124764
0 0.835090 0.689382 0.090305 0.084542
0 0.485961 0.466681 0.033984 0.043111
0 0.555629 0.460847 0.035242 0.038972
0 0.282715 0.652715 0.056102 0.099875
0 0.502848 0.649896 0.069930 0.107847
0 0.245195 0.468882 0.037844 0.045958
0 0.474445 0.467375 0.056922 0.043306
0 0.313172 0.477569 0.037844 0.033472
0 0.204801 0.393799 0.038836 0.022875
0 0.271137 0.408715 0.029617 0.025069
0 0.305441 0.400139 0.028055 0.021583
0 0.322660 0.419146 0.029680 0.024125
0 0.621285 0.451958 0.045711 0.032528
0 0.632145 0.475951 0.046430 0.028847
0 0.613895 0.503146 0.046430 0.042403
0 0.969703 0.714104 0.060594 0.089875
0 0.222707 0.932014 0.112867 0.135972
0 0.429348 0.948472 0.126773 0.103056
0 0.382652 0.483660 0.040633 0.041764
0 0.262891 0.544514 0.038750 0.058750
0 0.390926 0.432035 0.032477 0.025375
0 0.825617 0.553174 0.072453 0.071042
0 0.765852 0.602361 0.068687 0.075500
0 0.347535 0.437181 0.028055 0.021583
